0 5
0 8
0 12
0 13
0 17
0 19
0 20
0 22
0 25
0 29
1 3
1 4
1 7
1 10
1 11
1 15
1 16
1 17
2 4
2 5
2 6
2 8
2 9
2 10
2 11
2 12
2 14
3 6
3 9
3 10
3 12
3 15
3 16
3 18
4 5
4 7
4 9
4 10
4 11
4 13
4 14
5 6
5 8
5 10
5 14
5 17
5 19
6 7
6 8
6 9
6 12
6 15
6 18
6 20
7 8
7 9
7 11
7 13
7 14
7 17
7 20
8 9
8 10
8 12
8 15
8 16
9 10
9 13
9 14
9 15
10 11
10 18
11 14
11 15
11 17
11 18
12 13
12 15
12 17
13 16
13 18
13 20
14 16
14 18
14 19
15 19
15 22
16 19
16 21
17 16
18 17
18 19
19 20
20 17
21 14
21 18
21 20
22 12
22 13
22 14
23 8
23 11
23 12
23 13
24 11
24 14
24 13
25 0
26 12
26 14
26 15
26 16
27 10
27 11
27 13
27 8
27 9
27 5
28 6
28 7
28 9
29 13
30 5
